0.10728
0.10728
0.10728
0.10728
0.11011
0.11578
0.11123
0.10825
0.10728
0.10728
0.10877
0.11282
0.11589
0.11742
0.12258
0.12827
0.12564
0.11974
0.11417
0.10728
0.10728
0.10728
0.10728
0.11429
0.12055
0.12664
0.13078
0.13313
0.1477
0.14877
0.14219
0.13422
0.12604
0.11666
0.10877
0.10728
0.10728
0.10862
0.11711
0.12604
0.13531
0.1433
0.14962
0.1492
0.14834
0.14063
0.12848
0.11724
0.10739
0.10728
0.1075
0.11737
0.12827
0.14063
0.14962
0.14899
0.14018
0.12624
0.11441
0.10728
0.10728
0.11392
0.12564
0.14018
0.14877
0.1492
0.13531
0.12064
0.10862
0.10728
0.10787
0.11933
0.13542
0.14962
0.14352
0.12644
0.11282
0.10728
0.1106
0.12505
0.14174
0.14877
0.14962
0.13078
0.11589
0.10728
0.11478
0.12725
0.1477
0.13313
0.11742
0.10728
0.10728
0.13206
0.14463
0.13335
0.11768
0.10728
0.10728
0.1175
0.13313
0.14573
0.12931
0.1127
0.10728
0.11578
0.13078
0.14962
0.14748
0.14286
0.12624
0.11172
0.10728
0.11286
0.12644
0.14375
0.14877
0.13465
0.12014
0.10862
0.10728
0.10877
0.12083
0.13509
0.14941
0.1492
0.14071
0.12624
0.11331
0.10728
0.10728
0.11417
0.12644
0.14041
0.14962
0.1492
0.14041
0.12786
0.11689
0.10728
0.10728
0.10728
0.11693
0.12807
0.13996
0.1492
0.14813
0.14962
0.14352
0.13553
0.12624
0.11742
0.10825
0.10728
0.10728
0.1084
0.11711
0.12649
0.13509
0.1433
0.14661
0.14152
0.13313
0.13078
0.12644
0.12072
0.11404
0.1075
0.10728
0.10728
0.11355
0.12055
0.12433
0.13036
0.12889
0.1175
0.11576
0.11282
0.10862
0.10728
0.10728
0.10728
0.10739
0.11233
0.1138
0.11637
0.10728
0.10728
0.10728
0.10728
0.10067
0.10067
0.10067
0.10067
0.1035
0.1015
0.10067
0.10067
0.10067
0.10193
0.10395
0.1051
0.11011
0.11585
0.11124
0.1083
0.10326
0.10067
0.10067
0.10371
0.10882
0.11271
0.11585
0.11741
0.12257
0.12819
0.12563
0.11974
0.11418
0.10678
0.10067
0.10067
0.10067
0.10728
0.11422
0.12056
0.12652
0.13067
0.13315
0.14771
0.14912
0.14215
0.13428
0.12592
0.11666
0.10882
0.10067
0.10073
0.10856
0.11708
0.12607
0.13527
0.14357
0.15005
0.15353
0.16029
0.16089
0.16315
0.15293
0.1406
0.12855
0.11728
0.10754
0.10067
0.10067
0.10754
0.11732
0.12835
0.1406
0.15333
0.16489
0.16481
0.15712
0.14003
0.12622
0.11431
0.10395
0.10067
0.10285
0.11388
0.12563
0.14041
0.15676
0.16453
0.16481
0.15293
0.13527
0.12065
0.10856
0.10067
0.10067
0.10779
0.11942
0.13544
0.15253
0.16444
0.16453
0.14357
0.12637
0.11297
0.10193
0.10067
0.10086
0.11068
0.12492
0.14155
0.16481
0.14984
0.13067
0.11585
0.10398
0.10067
0.10237
0.11483
0.12713
0.14771
0.16393
0.15333
0.13315
0.11746
0.1051
0.10067
0.10067
0.10703
0.13205
0.14459
0.15712
0.15393
0.13349
0.11765
0.10535
0.10067
0.10067
0.10514
0.11746
0.13315
0.15353
0.16201
0.14984
0.12917
0.11267
0.10067
0.10067
0.10395
0.11585
0.13083
0.14984
0.16372
0.14276
0.12622
0.1118
0.10067
0.10067
0.10173
0.11288
0.12652
0.14357
0.16481
0.16372
0.15333
0.13462
0.12018
0.10864
0.10067
0.10067
0.10882
0.12084
0.13527
0.15333
0.16434
0.16404
0.1564
0.14073
0.12622
0.11327
0.1035
0.10067
0.10395
0.11418
0.12637
0.14041
0.15658
0.16414
0.16463
0.15313
0.14041
0.12789
0.1169
0.10703
0.10067
0.10067
0.10728
0.11695
0.12819
0.14003
0.15212
0.16424
0.16291
0.15412
0.15353
0.14984
0.14357
0.13544
0.12637
0.11741
0.1083
0.10067
0.10067
0.10067
0.10856
0.11728
0.1265
0.13527
0.14357
0.14703
0.14155
0.13315
0.13083
0.12637
0.12075
0.11418
0.10754
0.10067
0.10067
0.10728
0.11358
0.12056
0.12435
0.13035
0.12886
0.11746
0.11585
0.11297
0.10882
0.10395
0.10067
0.10067
0.10395
0.10754
0.11237
0.11388
0.11632
0.10514
0.10395
0.10173
0.10067
0.10067
0.10067
0.10067
0.1013
0.10374
0.10067
0.10067
0.10067
0.1
0.1
0.1
0.1
0.10356
0.10143
0.1
0.1
0.1
0.10185
0.10399
0.1051
0.11024
0.11577
0.11124
0.10832
0.10334
0.1
0.1
0.1
0.10377
0.10879
0.11276
0.11593
0.11758
0.12283
0.12816
0.12554
0.11985
0.11432
0.10691
0.1002
0.1
0.1
0.10041
0.10738
0.11432
0.12073
0.12651
0.13063
0.13305
0.14788
0.14885
0.14225
0.13433
0.12592
0.11675
0.10879
0.10061
0.1
0.10074
0.10855
0.1173
0.12597
0.13534
0.14368
0.15026
0.15377
0.16051
0.16498
0.16537
0.15325
0.14045
0.12855
0.1173
0.10738
0.1
0.1
0.10743
0.11731
0.12826
0.14087
0.15332
0.16537
0.16629
0.16559
0.16629
0.15708
0.14005
0.12616
0.11432
0.10377
0.1
0.10291
0.11406
0.12563
0.14045
0.15678
0.16637
0.16659
0.15325
0.13534
0.12073
0.10855
0.1
0.1
0.10784
0.11957
0.13546
0.15273
0.1659
0.16545
0.14368
0.12631
0.11301
0.10185
0.1
0.10081
0.11074
0.125
0.14183
0.16498
0.16572
0.1664
0.15026
0.13068
0.11593
0.10399
0.1
0.10248
0.11485
0.12711
0.14788
0.16436
0.15423
0.13305
0.11758
0.1051
0.1
0.1
0.10691
0.13202
0.14457
0.15734
0.15423
0.13335
0.11786
0.10532
0.1
0.1
0.10532
0.11758
0.13299
0.15423
0.16596
0.14983
0.12932
0.11276
0.10041
0.1
0.10399
0.11593
0.13074
0.15026
0.16662
0.16596
0.16436
0.14274
0.12616
0.11174
0.1
0.1
0.10185
0.11287
0.12641
0.14368
0.16522
0.16663
0.15325
0.13483
0.12015
0.10879
0.1
0.1
0.10879
0.1208
0.13534
0.15325
0.16616
0.1659
0.15678
0.1407
0.12621
0.11327
0.10356
0.1
0.10399
0.11432
0.12641
0.14045
0.15678
0.16559
0.1665
0.1665
0.16514
0.15325
0.14045
0.12786
0.11702
0.10714
0.1
0.1
0.10714
0.11702
0.12806
0.13999
0.15273
0.16436
0.16436
0.1665
0.15423
0.15026
0.14368
0.1354
0.12626
0.11739
0.10832
0.10041
0.1
0.10041
0.10855
0.1173
0.12646
0.13534
0.14331
0.14694
0.14141
0.13305
0.13068
0.12636
0.12073
0.11406
0.10761
0.10081
0.1
0.1
0.10061
0.10738
0.11353
0.12073
0.12437
0.13023
0.12886
0.11758
0.11593
0.11301
0.10879
0.10399
0.1
0.1
0.1
0.10377
0.10738
0.1125
0.11379
0.11647
0.10532
0.10399
0.10185
0.1
0.1
0.1
0.1002
0.10143
0.10377
0.1
0.1
0.1
0.10173
0.10124
0.10367
0.10509
0.10398
0.10178
0.10073
0.10129
0.10067
0.10261
0.10536
0.11624
0.11746
0.11585
0.11294
0.10866
0.10414
0.10091
0.10157
0.105
0.10892
0.11465
0.11772
0.12884
0.13307
0.13083
0.12657
0.12102
0.11428
0.10791
0.10116
0.1007
0.10124
0.10791
0.11465
0.12203
0.12668
0.13427
0.14128
0.15318
0.14976
0.14362
0.13575
0.12678
0.11785
0.10881
0.10107
0.10077
0.10903
0.11785
0.12755
0.13658
0.14548
0.15061
0.1537
0.16489
0.16489
0.16489
0.15318
0.1408
0.12863
0.11772
0.1078
0.10133
0.10103
0.10754
0.11746
0.12884
0.1408
0.15355
0.16489
0.16489
0.15718
0.14176
0.1273
0.1144
0.10465
0.10095
0.10422
0.11428
0.12688
0.1408
0.15726
0.16489
0.16489
0.15469
0.13616
0.12171
0.11026
0.10189
0.10077
0.10892
0.12102
0.13545
0.1537
0.16489
0.16489
0.14496
0.1285
0.11404
0.102
0.10178
0.10183
0.11306
0.12662
0.14362
0.16489
0.1537
0.13324
0.11673
0.10439
0.1039
0.10398
0.11586
0.13088
0.14976
0.16489
0.16323
0.13805
0.12569
0.11306
0.10509
0.10509
0.11746
0.13301
0.15318
0.16489
0.16489
0.1537
0.1333
0.11759
0.10518
0.10509
0.10685
0.11933
0.14451
0.15671
0.16489
0.14976
0.13077
0.11586
0.10406
0.10229
0.10644
0.11886
0.13116
0.1517
0.16489
0.14362
0.12652
0.11294
0.10194
0.10077
0.10322
0.11287
0.1273
0.14362
0.16489
0.16489
0.15339
0.13569
0.12088
0.10866
0.10067
0.10107
0.1094
0.12088
0.1367
0.1537
0.16489
0.16489
0.15782
0.14074
0.12662
0.11465
0.10406
0.10157
0.10406
0.11489
0.12673
0.14122
0.15774
0.16489
0.16489
0.15415
0.14128
0.12927
0.11772
0.1078
0.10084
0.10084
0.10828
0.11807
0.12906
0.14128
0.1537
0.16489
0.16489
0.16489
0.15993
0.15265
0.14444
0.13575
0.12699
0.11746
0.10929
0.10103
0.1007
0.10143
0.10903
0.11759
0.12647
0.13557
0.14362
0.14976
0.15318
0.13511
0.1322
0.12787
0.1213
0.11526
0.10754
0.10091
0.10091
0.10754
0.11452
0.12088
0.12673
0.13058
0.13301
0.12245
0.11987
0.11343
0.10977
0.10431
0.10107
0.10073
0.10398
0.10892
0.11283
0.11586
0.11733
0.10988
0.10743
0.10382
0.10148
0.10067
0.10084
0.10189
0.10398
0.10509
0.10509
0.10329
0.10138
0.10728
0.10739
0.10949
0.11623
0.11738
0.11583
0.113
0.10888
0.10739
0.10739
0.109
0.11465
0.11772
0.12881
0.13298
0.13082
0.12659
0.12106
0.11434
0.10783
0.10739
0.10761
0.10806
0.11465
0.12217
0.1267
0.13423
0.14139
0.14962
0.14962
0.14381
0.13576
0.12677
0.11789
0.10876
0.10739
0.10739
0.109
0.11789
0.1276
0.13659
0.14549
0.14962
0.14962
0.14962
0.1408
0.12864
0.11772
0.10783
0.10728
0.1075
0.11738
0.12886
0.1408
0.14962
0.14962
0.14158
0.12731
0.11434
0.10829
0.1075
0.11449
0.1269
0.14099
0.14962
0.14962
0.13611
0.12161
0.11025
0.10853
0.10888
0.12106
0.13541
0.14962
0.14484
0.12848
0.11404
0.10925
0.113
0.12665
0.14381
0.14962
0.14962
0.13326
0.11672
0.10853
0.11575
0.13082
0.14962
0.1382
0.1257
0.11315
0.11738
0.13298
0.14962
0.14962
0.13326
0.11755
0.11738
0.11927
0.14444
0.14962
0.13075
0.11591
0.11051
0.11875
0.13116
0.14962
0.14962
0.14361
0.12652
0.11286
0.10806
0.11291
0.12731
0.14381
0.14962
0.13558
0.12088
0.10876
0.10772
0.10937
0.12088
0.13697
0.14962
0.14962
0.14071
0.12663
0.11465
0.10728
0.10772
0.11496
0.12674
0.1412
0.14962
0.14962
0.14139
0.12923
0.11772
0.10772
0.10739
0.10829
0.11806
0.12902
0.1412
0.14962
0.14962
0.14962
0.14444
0.13576
0.12703
0.11745
0.10937
0.10728
0.10783
0.10912
0.11755
0.1265
0.13558
0.14361
0.14962
0.14962
0.1351
0.13215
0.12788
0.12124
0.11527
0.10761
0.10728
0.10761
0.11449
0.12088
0.12672
0.13075
0.13298
0.12255
0.1198
0.11344
0.10974
0.10806
0.10739
0.1075
0.109
0.11286
0.11591
0.11738
0.11
0.10739
0.10864
0.10818
